  10   10   19   19   18   10    2   10   18   19   19   15   15   15    2    2 
   2   18    1   19   18   10   19   18    2   18   18   15    2    2   18   10 
  10   15    2   19   10    2   19   18   10   19    2   18   15   18   19   18 
  18   19   10   19   19   10   18   19    2    2    2   19    2   18   19   19 
   3   18    2   19   10    4    2   18   19   15   15   19    5   15   15   10 
  19   10   10   10   10   10    2   19   15   15   18   19   10   15   18    6 
  19   19   15   10   18   10    2    2   15   15   19   10   18   10   10   10 
   7    2   19    2   19   15    2   18   19   15   19   10    8    9   10   10 
  15   19   10   10   15   19   19   19   19   18   10   19   10   10   10   10 
   2   18   18   19   10   15   19   18   19    2   18   10    2   10   19   10 
  10   10    2   10    2   18   19    2   11    2    2   10   10   10   18    2 
  18   19   19   18   15   19   10    2   15   19   18    2   10    2   18   10 
   2   10   15   10    2   18   10    2   10   15   10   18   15   10   15   10 
   2   15    2   19   15   10   10    2   10    2    2   19   10   15    2   10 
  18   18   19   18   18   18   18   19   19   19   10   19   19    2   18   15 
  19   10   10    2   15   15   18    2   10   10   18   15    2   18   10   18 
  18   10   10    2   19   10   18    2   10   19    2   18   19   18   19   18 
  15    2   15   19    2   19   15   19    2   10    2   10    2    2   12   15 
  10   19   10   13   10   18   18   10    2   19   18   18   14   19   15   10 
  15   19   10   19   15   18   16   15   10   15   18   19   18    2   17   19 
  19   19   19   10   10    2   15   15   18   10   10   19   19   19   15    2 
  18   19   19   18   19   10   19   10   18   18   19    2    2    2   20   19 
  18   10   18   10   15   18   19   18   18   10   18   19   18   19   10   18 
  18    2   18   10   10    2   18   10    2   10   15   10   19   18    2   10 
  15   10   10    2   18   19   15   18   19    2    2   10   10   18   10   18 
  18   21   18   19   10   18    2   10   10   19    2    2   18    2    2   19 
  19   19    2    2    2   18   15   19   15    2   10   19   19    2   10   10 
  15   10   10    2   18    2   10   10   19   18    2   10   10   10   22   10 
  15    2   19   15   18    2   10   19   23   19   19   19   15   10   18   15 
  19    2   15   18   18   19   10   15   15   18    2   15   10   19   18   18 
  19   15    2   15   18    2   18   19    2   10   10    2   15   10   19    2
   2   19   10    2   18    2   10   18   15    2   10   18   10   19   15   18
